              precision    recall  f1-score   support

           0       1.00      1.00      1.00      3880
           1       1.00      0.88      0.94      2956
           2       0.87      1.00      0.93      2389
           3       1.00      1.00      1.00      7085
           4       1.00      1.00      1.00      2674
           5       1.00      1.00      1.00      3481
           6       1.00      1.00      1.00      2592
           7       0.97      1.00      0.99        36
           8       1.00      1.00      1.00      3689
           9       1.00      1.00      1.00      1260
          10       1.00      1.00      1.00       788
          11       1.00      1.00      1.00      2912
          12       1.00      1.00      1.00       100
          13       1.00      1.00      1.00      3836
          14       1.00      1.00      1.00      2408
          15       1.00      1.00      1.00      2912
          16       1.00      1.00      1.00       800
          17       1.00      1.00      1.00      2818
          18       1.00      1.00      1.00      8994
          19       0.97      1.00      0.99      3383
          20       1.00      1.00      1.00       381
          21       1.00      1.00      1.00      1370
          22       1.00      1.00      1.00      1651
          23       1.00      1.00      1.00      2523
          24       1.00      1.00      1.00      1551
          25       1.00      1.00      1.00      2641
          26       1.00      1.00      1.00      2653
          27       1.00      1.00      1.00      3878
          28       1.00      1.00      1.00      3620
          29       1.00      0.99      0.99      8604
          30       1.00      1.00      1.00      3607
          31       1.00      1.00      1.00      1420
          32       1.00      1.00      1.00      2983
          33       1.00      1.00      1.00      3735
          34       1.00      1.00      1.00      3180
          35       1.00      1.00      1.00      3624
          36       1.00      1.00      1.00      3382
          37       0.99      0.86      0.92      1900
          38       0.92      1.00      0.95      2865
          39       1.00      1.00      1.00      3582
          40       1.00      1.00      1.00      2994
          41       1.00      1.00      1.00      2560
          42       1.00      1.00      1.00      2116
          43       1.00      1.00      1.00      3083
          44       1.00      1.00      1.00      2596
          45       1.00      1.00      1.00      2237
          46       1.00      1.00      1.00      4046
          47       1.00      1.00      1.00      2009
          48       1.00      1.00      1.00      2400

    accuracy                           0.99    142184
   macro avg       0.99      0.99      0.99    142184
weighted avg       1.00      0.99      0.99    142184
